# Single SKU Max Power Table
# |CCK 1~11 | |    OFDM 6 ~ 54      | |             HT20 MCS 0 ~ 15                 | |             HT40 MCS 0 ~ 15                 |
ch1 17 17 17 17 13 13 13 13 13 13 13 13 12 12 12 12 12 12 12 12 12 12 12 12 12 12 12 12
ch2 18 18 18 18 14 14 14 14 14 14 14 14 13 13 13 13 13 13 13 13 13 13 13 13 13 13 13 13
ch3 18 18 18 18 15 15 15 15 15 15 15 15 14 14 14 14 14 14 14 14 14 14 14 14 14 14 14 14 10 10 10 10 10 10 10 10 10 10 10 10 10 10 10 10
ch4 18 18 18 18 16 16 16 16 16 16 16 16 15 15 15 15 15 15 15 15 15 15 15 15 15 15 15 15 12 12 12 12 12 12 12 12 12 12 12 12 12 12 12 12
ch5 18 18 18 18 16 16 16 16 16 16 16 16 16 16 16 16 16 16 16 16 16 16 16 16 16 16 16 16 13 13 13 13 13 13 13 13 13 13 13 13 13 13 13 13
ch6 18 18 18 18 17 17 17 17 17 17 17 17 17 17 17 17 17 17 17 17 17 17 17 17 17 17 17 17 15 15 15 15 15 15 15 15 15 15 15 15 15 15 15 15
ch7 18 18 18 18 16 16 16 16 16 16 16 16 16 16 16 16 16 16 16 16 16 16 16 16 16 16 16 16 13 13 13 13 13 13 13 13 13 13 13 13 13 13 13 13
ch8 18 18 18 18 16 16 16 16 16 16 16 16 16 16 16 16 16 16 16 16 16 16 16 16 16 16 16 16 12 12 12 12 12 12 12 12 12 12 12 12 12 12 12 12
ch9 18 18 18 18 15 15 15 15 15 15 15 15 15 15 15 15 15 15 15 15 15 15 15 15 15 15 15 15 11 11 11 11 11 11 11 11 11 11 11 11 11 11 11 11
ch10 18 18 18 18 14 14 14 14 14 14 14 14 14 14 14 14 14 14 14 14 14 14 14 14 14 14 14 14 11 11 11 11 11 11 11 11 11 11 11 11 11 11 11 11
ch11 17 17 17 17 13 13 13 13 13 13 13 13 13 13 13 13 13 13 13 13 13 13 13 13 13 13 13 13 11 11 11 11 11 11 11 11 11 11 11 11 11 11 11 11
ch12 17 17 17 17 13 13 13 13 13 13 13 13 13 13 13 13 13 13 13 13 13 13 13 13 13 13 13 13
ch13 17 17 17 17 13 13 13 13 13 13 13 13 13 13 13 13 13 13 13 13 13 13 13 13 13 13 13 13
ch14 17 17 17 17
# End of Single SKU Table