# Single SKU Max Power Table
# |CCK 1~11 | |    OFDM 6 ~ 54      | |             HT20 MCS 0 ~ 15                 | |             HT40 MCS 0 ~ 15                 |
ch1 14 14 14 14 12 12 12 12 12 12 12 12 12 12 12 12 12 12 12 12 12 12 12 12 12 12 12 12
ch2 15 15 15 15 17 17 17 17 17 17 17 17 17 17 17 17 17 17 17 17 17 17 17 17 17 17 17 17
ch3 15 15 15 15 17 17 17 17 17 17 17 17 17 17 17 17 17 17 17 17 17 17 17 17 17 17 17 17 9 9 9 9 9 9 9 9 9 9 9 9 9 9 9 9
ch4 15 15 15 15 17 17 17 17 17 17 17 17 17 17 17 17 17 17 17 17 17 17 17 17 17 17 17 17 15 15 15 15 15 15 15 15 15 15 15 15 15 15 15 15
ch5 15 15 15 15 17 17 17 17 17 17 17 17 17 17 17 17 17 17 17 17 17 17 17 17 17 17 17 17 15 15 15 15 15 15 15 15 15 15 15 15 15 15 15 15
ch6 15 15 15 15 17 17 17 17 17 17 17 17 17 17 17 17 17 17 17 17 17 17 17 17 17 17 17 17 15 15 15 15 15 15 15 15 15 15 15 15 15 15 15 15
ch7 15 15 15 15 17 17 17 17 17 17 17 17 17 17 17 17 17 17 17 17 17 17 17 17 17 17 17 17 15 15 15 15 15 15 15 15 15 15 15 15 15 15 15 15
ch8 15 15 15 15 17 17 17 17 17 17 17 17 17 17 17 17 17 17 17 17 17 17 17 17 17 17 17 17 15 15 15 15 15 15 15 15 15 15 15 15 15 15 15 15
ch9 15 15 15 15 17 17 17 17 17 17 17 17 17 17 17 17 17 17 17 17 17 17 17 17 17 17 17 17 9 9 9 9 9 9 9 9 9 9 9 9 9 9 9 9
ch10 15 15 15 15 17 17 17 17 17 17 17 17 17 17 17 17 17 17 17 17 17 17 17 17 17 17 17 17 9 9 9 9 9 9 9 9 9 9 9 9 9 9 9 9
ch11 14 14 14 14 12 12 12 12 12 12 12 12 12 12 12 12 12 12 12 12 12 12 12 12 12 12 12 12 9 9 9 9 9 9 9 9 9 9 9 9 9 9 9 9
ch12 14 14 14 14 12 12 12 12 12 12 12 12 12 12 12 12 12 12 12 12 12 12 12 12 12 12 12 12
ch13 14 14 14 14 12 12 12 12 12 12 12 12 12 12 12 12 12 12 12 12 12 12 12 12 12 12 12 12
ch14 14 14 14 14
# End of Single SKU Table