0 0 0 0 4 4 4 3 2 2 1 1 4 4 3 3 2 2 1 0 4 4 3 3 2 2 1 0
0 0 0 0 4 4 4 3 2 2 1 1 4 4 3 3 2 2 1 0 4 4 3 3 2 2 1 0
0 0 0 0 4 4 4 3 2 2 1 1 4 4 3 3 2 2 1 0 4 4 3 3 2 2 1 0
0 0 0 0 4 4 4 3 2 2 1 1 4 4 3 3 2 2 1 0 4 4 3 3 2 2 1 0
0 0 0 0 4 4 4 3 2 2 1 1 4 4 3 3 2 2 1 0 4 4 3 3 2 2 1 0
0 0 0 0 4 4 4 3 2 2 1 1 4 4 3 3 2 2 1 0 4 4 3 3 2 2 1 0
0 0 0 0 4 4 4 3 2 2 1 1 4 4 3 3 2 2 1 0 4 4 3 3 2 2 1 0
0 0 0 0 4 4 4 3 2 2 1 1 4 4 3 3 2 2 1 0 4 4 3 3 2 2 1 0
0 0 0 0 4 4 4 3 2 2 1 1 4 4 3 3 2 2 1 0 4 4 3 3 2 2 1 0
0 0 0 0 4 4 4 3 2 2 1 1 4 4 3 3 2 2 1 0 4 4 3 3 2 2 1 0
0 0 0 0 4 4 4 3 2 2 1 1 4 4 3 3 2 2 1 0 4 4 3 3 2 2 1 0
0 0 0 0 4 4 4 3 2 2 1 1 4 4 3 3 2 2 1 0 4 4 3 3 2 2 1 0
0 0 0 0 4 4 4 3 2 2 1 1 4 4 3 3 2 2 1 0 4 4 3 3 2 2 1 0
5 5 5 4 4 3 3 2 6 6 6 5 4 3 2 2 6 6 6 5 4 3 2 2 6 6 6 6 5 4 3 2 0 6 6 6 6 5 4 3 2 0 0 6 6 6 6 5 4 3 2 0 0
5 5 5 4 4 3 3 2 6 6 6 5 4 3 2 2 6 6 6 5 4 3 2 2 6 6 6 6 5 4 3 2 0 6 6 6 6 5 4 3 2 0 0 6 6 6 6 5 4 3 2 0 0
5 5 5 4 4 3 3 2 6 6 6 5 4 3 2 2 6 6 6 5 4 3 2 2 6 6 6 6 5 4 3 2 0 6 6 6 6 5 4 3 2 0 0 6 6 6 6 5 4 3 2 0 0
5 5 5 4 4 3 3 2 6 6 6 5 4 3 2 2 6 6 6 5 4 3 2 2 6 6 6 6 5 4 3 2 0 6 6 6 6 5 4 3 2 0 0 6 6 6 6 5 4 3 2 0 0
5 5 5 4 4 3 3 2 6 6 6 5 4 3 2 2 6 6 6 5 4 3 2 2 6 6 6 6 5 4 3 2 0 6 6 6 6 5 4 3 2 0 0 6 6 6 6 5 4 3 2 0 0
5 5 5 4 4 3 3 2 6 6 6 5 4 3 2 2 6 6 6 5 4 3 2 2 6 6 6 6 5 4 3 2 0 6 6 6 6 5 4 3 2 0 0 6 6 6 6 5 4 3 2 0 0
5 5 5 4 4 3 3 2 6 6 6 5 4 3 2 2 6 6 6 5 4 3 2 2 6 6 6 6 5 4 3 2 0 6 6 6 6 5 4 3 2 0 0 6 6 6 6 5 4 3 2 0 0
5 5 5 4 4 3 3 2 6 6 6 5 4 3 2 2 6 6 6 5 4 3 2 2 6 6 6 6 5 4 3 2 0 6 6 6 6 5 4 3 2 0 0 6 6 6 6 5 4 3 2 0 0
6 6 6 5 5 4 3 2 7 7 7 6 5 4 3 2 7 7 7 6 5 4 3 2 7 7 7 6 6 5 4 3 0 7 7 7 6 6 5 4 3 1 0 7 7 7 6 6 5 4 3 1 0
6 6 6 5 5 4 3 2 7 7 7 6 5 4 3 2 7 7 7 6 5 4 3 2 7 7 7 6 6 5 4 3 0 7 7 7 6 6 5 4 3 1 0 7 7 7 6 6 5 4 3 1 0
6 6 6 5 5 4 3 2 7 7 7 6 5 4 3 2 7 7 7 6 5 4 3 2 7 7 7 6 6 5 4 3 0 7 7 7 6 6 5 4 3 1 0 7 7 7 6 6 5 4 3 1 0
6 6 6 5 5 4 3 2 7 7 7 6 5 4 3 2 7 7 7 6 5 4 3 2 7 7 7 6 6 5 4 3 0 7 7 7 6 6 5 4 3 1 0 7 7 7 6 6 5 4 3 1 0
6 6 6 5 5 4 3 2 7 7 7 6 5 4 3 2 7 7 7 6 5 4 3 2 7 7 7 6 6 5 4 3 0 7 7 7 6 6 5 4 3 1 0 7 7 7 6 6 5 4 3 1 0
6 6 6 5 5 4 3 2 7 7 7 6 5 4 3 2 7 7 7 6 5 4 3 2 7 7 7 6 6 5 4 3 0 7 7 7 6 6 5 4 3 1 0 7 7 7 6 6 5 4 3 1 0
6 6 6 5 5 4 3 2 7 7 7 6 5 4 3 2 7 7 7 6 5 4 3 2 7 7 7 6 6 5 4 3 0 7 7 7 6 6 5 4 3 1 0 7 7 7 6 6 5 4 3 1 0
6 6 6 5 5 4 3 2 7 7 7 6 5 4 3 2 7 7 7 6 5 4 3 2 7 7 7 6 6 5 4 3 0 7 7 7 6 6 5 4 3 1 0 7 7 7 6 6 5 4 3 1 0
6 6 6 5 5 4 3 2 7 7 7 6 5 4 3 2 7 7 7 6 5 4 3 2 7 7 7 6 6 5 4 3 0 7 7 7 6 6 5 4 3 1 0 7 7 7 6 6 5 4 3 1 0
6 6 6 5 5 4 3 2 7 7 7 6 5 4 3 2 7 7 7 6 5 4 3 2 7 7 7 6 6 5 4 3 0 7 7 7 6 6 5 4 3 1 0 7 7 7 6 6 5 4 3 1 0
6 6 6 5 5 4 3 2 7 7 7 6 5 4 3 2 7 7 7 6 5 4 3 2 7 7 7 6 6 5 4 3 0 7 7 7 6 6 5 4 3 1 0 7 7 7 6 6 5 4 3 1 0
6 6 6 5 5 4 3 2 7 7 7 6 5 4 3 2 7 7 7 6 5 4 3 2 7 7 7 6 6 5 4 3 0 7 7 7 6 6 5 4 3 1 0 7 7 7 6 6 5 4 3 1 0
7 7 7 6 6 5 4 2 7 7 7 6 5 4 3 2 7 7 7 6 5 4 3 2 8 8 8 7 7 6 5 4 0 8 8 8 7 7 6 5 4 1 0 8 8 8 7 7 6 5 4 1 0
7 7 7 6 6 5 4 2 7 7 7 6 5 4 3 2 7 7 7 6 5 4 3 2 8 8 8 7 7 6 5 4 0 8 8 8 7 7 6 5 4 1 0 8 8 8 7 7 6 5 4 1 0
7 7 7 6 6 5 4 2 7 7 7 6 5 4 3 2 7 7 7 6 5 4 3 2 8 8 8 7 7 6 5 4 0 8 8 8 7 7 6 5 4 1 0 8 8 8 7 7 6 5 4 1 0
7 7 7 6 6 5 4 2 7 7 7 6 5 4 3 2 7 7 7 6 5 4 3 2 8 8 8 7 7 6 5 4 0 8 8 8 7 7 6 5 4 1 0 8 8 8 7 7 6 5 4 1 0
7 7 7 6 6 5 4 2 7 7 7 6 5 4 3 2 7 7 7 6 5 4 3 2 8 8 8 7 7 6 5 4 0 8 8 8 7 7 6 5 4 1 0 8 8 8 7 7 6 5 4 1 0






